8.508771929824561209e-01 -8.771929824561403022e-02 7.894736842105262720e-02 1.491228070175438514e-01 6.140350877192982115e-02 8.771929824561403022e-02 -6.140350877192982115e-02 0.000000000000000000e+00 -7.894736842105262720e-02 0.000000000000000000e+00 -1.578947368421052544e-01 2.105263157894736725e-01 0.000000000000000000e+00
-8.771929824561403022e-02 7.719298245614034659e-01 1.052631578947368363e-01 8.771929824561403022e-02 -1.403508771929824761e-01 2.280701754385965063e-01 1.403508771929824761e-01 0.000000000000000000e+00 -1.052631578947368363e-01 0.000000000000000000e+00 -2.105263157894736725e-01 -5.263157894736844589e-02 0.000000000000000000e+00
7.894736842105262720e-02 1.052631578947368363e-01 6.052631578947368363e-01 -7.894736842105262720e-02 2.631578947368420907e-02 -1.052631578947368363e-01 -2.631578947368420907e-02 0.000000000000000000e+00 3.947368421052631637e-01 0.000000000000000000e+00 -2.105263157894737003e-01 -5.263157894736841813e-02 0.000000000000000000e+00
1.491228070175438514e-01 8.771929824561403022e-02 -7.894736842105262720e-02 8.508771929824561209e-01 -6.140350877192982115e-02 -8.771929824561403022e-02 6.140350877192982115e-02 0.000000000000000000e+00 7.894736842105262720e-02 0.000000000000000000e+00 1.578947368421052544e-01 -2.105263157894736725e-01 0.000000000000000000e+00
6.140350877192982115e-02 -1.403508771929824761e-01 2.631578947368420907e-02 -6.140350877192982115e-02 7.982456140350877583e-01 1.403508771929824761e-01 2.017543859649122973e-01 0.000000000000000000e+00 -2.631578947368420907e-02 0.000000000000000000e+00 -5.263157894736844589e-02 -2.631578947368421462e-01 0.000000000000000000e+00
8.771929824561403022e-02 2.280701754385965063e-01 -1.052631578947368363e-01 -8.771929824561403022e-02 1.403508771929824761e-01 7.719298245614034659e-01 -1.403508771929824761e-01 0.000000000000000000e+00 1.052631578947368363e-01 0.000000000000000000e+00 2.105263157894736725e-01 5.263157894736844589e-02 0.000000000000000000e+00
-6.140350877192982115e-02 1.403508771929824761e-01 -2.631578947368420907e-02 6.140350877192982115e-02 2.017543859649122973e-01 -1.403508771929824761e-01 7.982456140350877583e-01 0.000000000000000000e+00 2.631578947368420907e-02 0.000000000000000000e+00 5.263157894736844589e-02 2.631578947368421462e-01 0.000000000000000000e+00
0.000000000000000000e+00 0.000000000000000000e+00 0.000000000000000000e+00 0.000000000000000000e+00 0.000000000000000000e+00 0.000000000000000000e+00 0.000000000000000000e+00 6.666666666666667407e-01 0.000000000000000000e+00 3.333333333333333148e-01 0.000000000000000000e+00 0.000000000000000000e+00 3.333333333333333148e-01
-7.894736842105262720e-02 -1.052631578947368363e-01 3.947368421052631637e-01 7.894736842105262720e-02 -2.631578947368420907e-02 1.052631578947368363e-01 2.631578947368420907e-02 0.000000000000000000e+00 6.052631578947368363e-01 0.000000000000000000e+00 2.105263157894737003e-01 5.263157894736841813e-02 0.000000000000000000e+00
0.000000000000000000e+00 0.000000000000000000e+00 0.000000000000000000e+00 0.000000000000000000e+00 0.000000000000000000e+00 0.000000000000000000e+00 0.000000000000000000e+00 3.333333333333333148e-01 0.000000000000000000e+00 6.666666666666667407e-01 0.000000000000000000e+00 0.000000000000000000e+00 -3.333333333333333148e-01
-1.578947368421052544e-01 -2.105263157894736725e-01 -2.105263157894737003e-01 1.578947368421052544e-01 -5.263157894736841813e-02 2.105263157894736725e-01 5.263157894736841813e-02 0.000000000000000000e+00 2.105263157894737003e-01 0.000000000000000000e+00 4.210526315789473450e-01 1.052631578947368363e-01 0.000000000000000000e+00
2.105263157894736725e-01 -5.263157894736844589e-02 -5.263157894736841813e-02 -2.105263157894736725e-01 -2.631578947368421462e-01 5.263157894736844589e-02 2.631578947368421462e-01 0.000000000000000000e+00 5.263157894736841813e-02 0.000000000000000000e+00 1.052631578947368085e-01 5.263157894736841813e-01 0.000000000000000000e+00
0.000000000000000000e+00 0.000000000000000000e+00 0.000000000000000000e+00 0.000000000000000000e+00 0.000000000000000000e+00 0.000000000000000000e+00 0.000000000000000000e+00 3.333333333333333148e-01 0.000000000000000000e+00 -3.333333333333333148e-01 0.000000000000000000e+00 0.000000000000000000e+00 6.666666666666667407e-01
